# logA ns theta_MC_100 ombh2 omch2 tau P_act A_planck amp_143 amp_217 amp_143x217 n_143 n_217 n_143x217 calTE calEE
1.224012486112696825e-04 4.052944590773810285e-06 7.470053862133807368e-08 2.131368872154096089e-07 -1.846999739978958608e-06 6.240144355072039140e-05 -4.487189248848155120e-07 5.873050682458470106e-07 -1.529901337283087271e-03 -1.198507148140193603e-03 -1.280844438567446848e-03 -8.943959543630056197e-05 1.455059877761820397e-04 2.755350763684257269e-04 -4.184575880689633358e-06 3.898294412018529023e-07
4.052944590773810285e-06 7.656634540648670566e-06 9.776970856214383880e-08 1.172057152440994132e-08 -5.915606602097917404e-07 3.374819371960724180e-06 9.817847823692400083e-07 2.769685818874600949e-07 -1.753380545946619639e-03 -1.663481396659952354e-03 -1.684112952084137636e-03 -4.427530270376970267e-05 3.667978007011855630e-04 5.633520331563744927e-04 -2.017749723030682789e-07 -1.503599305666611764e-06
7.470053862133807368e-08 9.776970856214383880e-08 3.243342160398552034e-08 1.252427248836618174e-09 -4.166648693118009379e-09 3.740322048272080577e-08 -3.864709385851155239e-09 2.442971431709053842e-09 -2.102161232511681957e-06 -2.788687189492915246e-06 -3.333092645468563601e-06 -2.107110781850242739e-08 6.926728045858537014e-07 1.609915839986387231e-06 -1.865827276164261094e-08 -1.149411801843836755e-11
2.131368872154096089e-07 1.172057152440994132e-08 1.252427248836618174e-09 8.791271500957950880e-09 -1.192816631425589148e-08 1.023558871389851701e-07 -8.676513492470443857e-09 4.505785781271837990e-09 -2.157453456512168114e-05 -2.186816394185933998e-05 -2.200466408190309301e-05 -1.261934643595541803e-06 2.324217642907707147e-06 4.386396779088723643e-06 -5.023228609976175507e-08 -1.086911566239812073e-07
-1.846999739978958608e-06 -5.915606602097917404e-07 -4.166648693118009379e-09 -1.192816631425589148e-08 3.395712997171536431e-07 -1.025511515673552466e-06 -3.473386447232303634e-08 -2.837241272686526367e-07 -1.185671828090001501e-06 1.510793288534651227e-06 7.893732089812613292e-07 6.832575025054416950e-07 5.059723226259070317e-07 5.563776932056654391e-06 1.933273967461675510e-08 -2.840315798028221618e-07
6.240144355072039140e-05 3.374819371960724180e-06 3.740322048272080577e-08 1.023558871389851701e-07 -1.025511515673552466e-06 3.601100427892057245e-05 -2.779852439758497365e-07 -3.280867792610210007e-06 -7.709458727168136231e-04 -5.439857055498531100e-04 -5.534239011270081264e-04 -6.141385065168956676e-05 2.760088657860632958e-05 5.494951356457122561e-05 -2.082169590557207665e-06 -6.278910602766134585e-07
-4.487189248848155120e-07 9.817847823692400083e-07 -3.864709385851155239e-09 -8.676513492470443857e-09 -3.473386447232303634e-08 -2.779852439758497365e-07 9.017084156362790295e-06 -2.294146886263782437e-07 -8.031841665536935525e-04 -7.377431557321638324e-04 -7.593557944539989753e-04 3.336943865579553031e-06 1.811552083191427345e-04 2.950505251222830484e-04 -1.304835752073095792e-07 5.272313797843460668e-07
5.873050682458470106e-07 2.769685818874600949e-07 2.442971431709053842e-09 4.505785781271837990e-09 -2.837241272686526367e-07 -3.280867792610210007e-06 -2.294146886263782437e-07 4.080431230049612340e-06 3.501781834739627823e-04 2.739368852547036494e-04 2.622156487099874160e-04 -4.759425808010361049e-06 -4.334112287710590775e-05 -8.244384378242370259e-05 -8.738882797761368746e-08 1.756668759188184639e-07
-1.529901337283087271e-03 -1.753380545946619639e-03 -2.102161232511681957e-06 -2.157453456512168114e-05 -1.185671828090001501e-06 -7.709458727168136231e-04 -8.031841665536935525e-04 3.501781834739627823e-04 1.964932837451723424e+00 1.501276186907319898e+00 1.661727549217787425e+00 2.081654647059177909e-02 -3.950194906052038046e-01 -6.690395008769883800e-01 -2.964435748383872050e-05 -1.751277943190188499e-05
-1.198507148140193603e-03 -1.663481396659952354e-03 -2.788687189492915246e-06 -2.186816394185933998e-05 1.510793288534651227e-06 -5.439857055498531100e-04 -7.377431557321638324e-04 2.739368852547036494e-04 1.501276186907319898e+00 1.696082174691278421e+00 1.596000182597248740e+00 -1.284818635346087097e-02 -4.349057332909885276e-01 -6.764169944971183401e-01 -1.119383450268902180e-05 1.905606109564913087e-05
-1.280844438567446848e-03 -1.684112952084137636e-03 -3.333092645468563601e-06 -2.200466408190309301e-05 7.893732089812613292e-07 -5.534239011270081264e-04 -7.593557944539989753e-04 2.622156487099874160e-04 1.661727549217787425e+00 1.596000182597248740e+00 1.686727758345680783e+00 -1.570984649283936954e-02 -4.227818429911258669e-01 -6.850726963853568385e-01 -2.117230720317514662e-05 -1.120360910249559978e-05
-8.943959543630056197e-05 -4.427530270376970267e-05 -2.107110781850242739e-08 -1.261934643595541803e-06 6.832575025054416950e-07 -6.141385065168956676e-05 3.336943865579553031e-06 -4.759425808010361049e-06 2.081654647059177909e-02 -1.284818635346087097e-02 -1.570984649283936954e-02 2.427848401606093678e-02 2.489598725543377966e-03 2.477288519998232727e-02 3.163479350096431276e-05 5.251405268423081727e-05
1.455059877761820397e-04 3.667978007011855630e-04 6.926728045858537014e-07 2.324217642907707147e-06 5.059723226259070317e-07 2.760088657860632958e-05 1.811552083191427345e-04 -4.334112287710590775e-05 -3.950194906052038046e-01 -4.349057332909885276e-01 -4.227818429911258669e-01 2.489598725543377966e-03 1.540518982631255696e-01 2.092686459268623400e-01 3.412078746625305827e-05 7.159817364279564590e-05
2.755350763684257269e-04 5.633520331563744927e-04 1.609915839986387231e-06 4.386396779088723643e-06 5.563776932056654391e-06 5.494951356457122561e-05 2.950505251222830484e-04 -8.244384378242370259e-05 -6.690395008769883800e-01 -6.764169944971183401e-01 -6.850726963853568385e-01 2.477288519998232727e-02 2.092686459268623400e-01 3.815089868941053952e-01 7.644069138222709726e-05 1.140519102183631478e-04
-4.184575880689633358e-06 -2.017749723030682789e-07 -1.865827276164261094e-08 -5.023228609976175507e-08 1.933273967461675510e-08 -2.082169590557207665e-06 -1.304835752073095792e-07 -8.738882797761368746e-08 -2.964435748383872050e-05 -1.119383450268902180e-05 -2.117230720317514662e-05 3.163479350096431276e-05 3.412078746625305827e-05 7.644069138222709726e-05 1.293242438324248699e-05 3.828030993227720264e-06
3.898294412018529023e-07 -1.503599305666611764e-06 -1.149411801843836755e-11 -1.086911566239812073e-07 -2.840315798028221618e-07 -6.278910602766134585e-07 5.272313797843460668e-07 1.756668759188184639e-07 -1.751277943190188499e-05 1.905606109564913087e-05 -1.120360910249559978e-05 5.251405268423081727e-05 7.159817364279564590e-05 1.140519102183631478e-04 3.828030993227720264e-06 1.269416838367625387e-05
