# logA ns theta_MC_100 ombh2 omch2 tau A_planck P_act
1.727660486588534551e-04 -1.374527306604065869e-06 3.635051396518007992e-07 4.189126665431892256e-07 -5.662424489170024277e-07 7.454036780027173967e-05 1.013004375165138823e-05 -1.592046038175022093e-06
-1.374527306604065869e-06 1.231802274029393775e-05 2.637100180998749612e-07 5.370169423022151866e-08 -2.672941454929945705e-06 3.734757261475526927e-06 -9.462177399516978067e-08 7.357638050005126706e-07
3.635051396518007992e-07 2.637100180998749612e-07 6.411859623884916640e-08 1.056596839133385203e-08 -9.058771972372489845e-08 2.629057227155337383e-07 3.717956598945605284e-09 -2.159364176981397382e-09
4.189126665431892256e-07 5.370169423022151866e-08 1.056596839133385203e-08 1.267294131507079554e-08 -4.195225650944923628e-08 2.072314709460029987e-07 2.331736123486134719e-08 -3.309766463524032793e-08
-5.662424489170024277e-07 -2.672941454929945705e-06 -9.058771972372489845e-08 -4.195225650944923628e-08 1.245686724648040245e-06 -1.895811909999562005e-06 5.286252246079266791e-09 -1.289354713844810635e-07
7.454036780027173967e-05 3.734757261475526927e-06 2.629057227155337383e-07 2.072314709460029987e-07 -1.895811909999562005e-06 4.083982183088169488e-05 -1.493729440083078317e-06 -9.114609037371984269e-07
1.013004375165138823e-05 -9.462177399516978067e-08 3.717956598945605284e-09 2.331736123486134719e-08 5.286252246079266791e-09 -1.493729440083078317e-06 6.482232493268698738e-06 -1.008826552431001367e-08
-1.592046038175022093e-06 7.357638050005126706e-07 -2.159364176981397382e-09 -3.309766463524032793e-08 -1.289354713844810635e-07 -9.114609037371984269e-07 -1.008826552431001367e-08 6.493984291393302677e-06
