# logA ns theta_MC_100 ombh2 omch2 tau A_planck amp_143 amp_217 amp_143x217 n_143 n_217 n_143x217 calTE calEE
1.152478238179791828e-04 1.323138953940262898e-05 4.841133051552938922e-07 4.655676853566523007e-07 -4.548792924820817836e-06 5.949308759541115706e-05 2.322162487065162197e-06 -4.161982867480630566e-03 -4.002802756777668058e-03 -4.091685630833634749e-03 9.087521872761756083e-05 6.084165677778313394e-04 8.767547601651163886e-04 -2.401638000194383687e-06 4.594860752839365049e-07
1.323138953940262898e-05 1.693183650629470087e-05 3.669242902235332161e-07 2.613421595626821137e-07 -2.891557228055715540e-06 8.475900857340661895e-06 1.308349036039323541e-06 -5.470133175957191812e-03 -5.413902600098757963e-03 -5.493614151269365052e-03 1.947402283943994985e-04 8.506404768781175617e-04 1.191705837709908754e-03 7.155362485104181980e-07 -6.044164409858972345e-07
4.841133051552938922e-07 3.669242902235332161e-07 6.561689583365124363e-08 1.288553295767362175e-08 -1.042699397303284404e-07 2.524750053735941856e-07 6.435234639779352950e-08 -6.432652587814047945e-05 -6.312029050770002765e-05 -6.553009991234885236e-05 2.425590554774199074e-06 9.603484809092605151e-06 1.379645442020674994e-05 -1.311793285847210262e-08 3.277056145718527073e-08
4.655676853566523007e-07 2.613421595626821137e-07 1.288553295767362175e-08 1.764312985547231964e-08 -7.041676353169253534e-08 2.499324553046864071e-07 2.762369151270066578e-08 -1.147811637392989184e-04 -1.119829131582269712e-04 -1.135757995726484164e-04 1.547290041180516879e-06 1.548991466514084534e-05 2.166930029226193138e-05 -3.959449122529796391e-08 -1.447266305606118042e-07
-4.548792924820817836e-06 -2.891557228055715540e-06 -1.042699397303284404e-07 -7.041676353169253534e-08 1.143109345875316254e-06 -2.767201882941802171e-06 -7.303351787782395173e-07 4.419448751055364793e-04 4.424449627907293655e-04 4.551424236166258953e-04 -1.253458144678567987e-05 -6.673847057760941487e-05 -9.522230153773919938e-05 -1.503436938943392188e-07 -5.549889519030348764e-07
5.949308759541115706e-05 8.475900857340661895e-06 2.524750053735941856e-07 2.499324553046864071e-07 -2.767201882941802171e-06 3.513304219989155471e-05 -2.155947626280271923e-06 -1.944653636762568201e-03 -1.855360357449373828e-03 -1.869124544458305049e-03 7.290550471216382752e-06 2.334095331757611244e-04 3.277189550109266855e-04 -1.367294097555220246e-06 -4.698720914791929282e-07
2.322162487065162197e-06 1.308349036039323541e-06 6.435234639779352950e-08 2.762369151270066578e-08 -7.303351787782395173e-07 -2.155947626280271923e-06 4.377066728112980214e-06 4.344293394019631965e-04 4.002875858068209508e-04 3.712717228164514986e-04 -2.267514679880564405e-05 -5.635206056744691681e-05 -7.430654889885852476e-05 5.884237344784822614e-09 2.614135062264282341e-07
-4.161982867480630566e-03 -5.470133175957191812e-03 -6.432652587814047945e-05 -1.147811637392989184e-04 4.419448751055364793e-04 -1.944653636762568201e-03 4.344293394019631965e-04 4.463379343402836597e+00 3.982685624177095374e+00 4.168182584692912585e+00 -1.830964846980583094e-01 -7.257782011612096129e-01 -1.031633390120888061e+00 -7.568744327766174307e-04 -3.316360685935940827e-04
-4.002802756777668058e-03 -5.413902600098757963e-03 -6.312029050770002765e-05 -1.119829131582269712e-04 4.424449627907293655e-04 -1.855360357449373828e-03 4.002875858068209508e-04 3.982685624177095374e+00 4.168208603360280762e+00 4.081434285209684099e+00 -2.174274243760828673e-01 -7.441886935457079355e-01 -1.049295555364716082e+00 -7.638871733990606127e-04 -3.958607903690949275e-04
-4.091685630833634749e-03 -5.493614151269365052e-03 -6.553009991234885236e-05 -1.135757995726484164e-04 4.551424236166258953e-04 -1.869124544458305049e-03 3.712717228164514986e-04 4.168182584692912585e+00 4.081434285209684099e+00 4.190470325157156672e+00 -2.154666947047680081e-01 -7.432571738958493324e-01 -1.045489085163920251e+00 -7.904082119798945061e-04 -3.945842544063528248e-04
9.087521872761756083e-05 1.947402283943994985e-04 2.425590554774199074e-06 1.547290041180516879e-06 -1.253458144678567987e-05 7.290550471216382752e-06 -2.267514679880564405e-05 -1.830964846980583094e-01 -2.174274243760828673e-01 -2.154666947047680081e-01 3.510816759731362480e-02 4.302191264178606422e-02 7.512799609737814965e-02 1.001738435057300579e-04 1.308212502693923546e-04
6.084165677778313394e-04 8.506404768781175617e-04 9.603484809092605151e-06 1.548991466514084534e-05 -6.673847057760941487e-05 2.334095331757611244e-04 -5.635206056744691681e-05 -7.257782011612096129e-01 -7.441886935457079355e-01 -7.432571738958493324e-01 4.302191264178606422e-02 1.677494674189216606e-01 2.212870014730551893e-01 1.846450701230491773e-04 1.691201534283043025e-04
8.767547601651163886e-04 1.191705837709908754e-03 1.379645442020674994e-05 2.166930029226193138e-05 -9.522230153773919938e-05 3.277189550109266855e-04 -7.430654889885852476e-05 -1.031633390120888061e+00 -1.049295555364716082e+00 -1.045489085163920251e+00 7.512799609737814965e-02 2.212870014730551893e-01 3.395295495528872776e-01 2.680261263498464773e-04 2.613951146964983252e-04
-2.401638000194383687e-06 7.155362485104181980e-07 -1.311793285847210262e-08 -3.959449122529796391e-08 -1.503436938943392188e-07 -1.367294097555220246e-06 5.884237344784822614e-09 -7.568744327766174307e-04 -7.638871733990606127e-04 -7.904082119798945061e-04 1.001738435057300579e-04 1.846450701230491773e-04 2.680261263498464773e-04 1.307884304330747847e-05 4.751044152812596808e-06
4.594860752839366108e-07 -6.044164409858973404e-07 3.277056145718525750e-08 -1.447266305606117777e-07 -5.549889519030348764e-07 -4.698720914791936164e-07 2.614135062264280753e-07 -3.316360685935939743e-04 -3.958607903690948191e-04 -3.945842544063529332e-04 1.308212502693923275e-04 1.691201534283042754e-04 2.613951146964983252e-04 4.751044152812596808e-06 1.411618933288938830e-05
