# logA ns theta_MC_100 ombh2 omch2 tau A_planck amp_143 amp_217 amp_143x217 n_143 n_217 n_143x217 calTE calEE
1.638383110440663705e-04 5.419242590865501916e-06 2.460819141251933211e-07 1.757849589102325258e-07 4.229879564438121256e-08 6.697842900415696831e-05 1.176039557474314724e-05 -6.394568181988431917e-03 -6.709066770416069123e-03 -6.875490906348424858e-03 4.722984265907016299e-04 1.250055892497157909e-03 1.726678424564399850e-03 -3.474499782039966185e-06 7.060116316539991620e-07
5.419242590865501916e-06 1.188181718898424677e-05 1.131585354007836132e-07 9.474982658951264592e-08 -8.209910552154931330e-07 3.595678854753330662e-06 2.485400329419584318e-07 -4.591017527407403528e-03 -4.491420778723136630e-03 -4.562873276035806468e-03 1.881713889420283490e-04 7.479423233869706604e-04 1.044675410226199048e-03 3.161578139425555008e-07 -1.547766208682288696e-06
2.460819141251933211e-07 1.131585354007836132e-07 5.354598444959584718e-08 4.824729963731417506e-09 1.963317224484628576e-09 1.064838135739969712e-07 1.330976924344352969e-08 1.333826915932203799e-05 1.490636121844114561e-05 1.380460336627173205e-05 -2.158720794833263174e-06 -1.323699661864412861e-06 -1.256815627474540911e-06 -3.539328368592925821e-08 -4.876027849713731879e-08
1.757849589102325258e-07 9.474982658951264592e-08 4.824729963731417506e-09 1.379268676642894027e-08 -1.497114924881275854e-08 6.859810540323175536e-08 5.977638746870764434e-10 -8.510401368906981960e-05 -8.559022816476942539e-05 -8.586049201675362774e-05 2.497123364612386434e-06 1.144107493464151094e-05 1.578295207790626854e-05 -6.570329936875205023e-08 -1.646799618410980062e-07
4.229879564438121256e-08 -8.209910552154931330e-07 1.963317224484628576e-09 -1.497114924881275854e-08 3.590406614184348912e-07 -4.214774001056564327e-07 7.029460421277417968e-09 7.113680105408849068e-05 6.493392445823676490e-05 6.574383653708824101e-05 1.004347071169415516e-06 -1.019753965162982758e-05 -1.331627727291330102e-05 -5.314837673660236474e-08 -1.570719617605354608e-07
6.697842900415696831e-05 3.595678854753330662e-06 1.064838135739969712e-07 6.859810540323175536e-08 -4.214774001056564327e-07 3.484799345493673722e-05 -8.765561721411050411e-07 -1.432782850557789847e-03 -1.480358861463553248e-03 -1.515111100684610581e-03 5.855640777877846293e-05 2.356356105463648654e-04 3.362454771220762129e-04 -2.084738636373631839e-06 -1.215425072307159071e-06
1.176039557474314724e-05 2.485400329419584318e-07 1.330976924344352969e-08 5.977638746870764434e-10 7.029460421277417968e-09 -8.765561721411050411e-07 6.455519617702842289e-06 -3.389620581296250265e-04 -4.126911381396791896e-04 -4.547382682439041895e-04 4.426754326252155177e-05 1.012957914537262311e-04 1.345797782238667643e-04 -7.217414901410944418e-08 2.839292436663902364e-07
-6.394568181988431917e-03 -4.591017527407403528e-03 1.333826915932203799e-05 -8.510401368906981960e-05 7.113680105408849068e-05 -1.432782850557789847e-03 -3.389620581296250265e-04 4.956201144460491648e+00 4.540422771527052426e+00 4.715825690648939528e+00 -2.739078467485248636e-01 -8.548757432002680456e-01 -1.185049589888886645e+00 -1.002783120963848026e-03 -8.459664930495402937e-04
-6.709066770416069123e-03 -4.491420778723136630e-03 1.490636121844114561e-05 -8.559022816476942539e-05 6.493392445823676490e-05 -1.480358861463553248e-03 -4.126911381396791896e-04 4.540422771527052426e+00 4.783847973913911922e+00 4.693704890629619264e+00 -3.122588760571711752e-01 -8.850740587756625866e-01 -1.217990380660963767e+00 -9.536504963642077710e-04 -9.512084732764958380e-04
-6.875490906348424858e-03 -4.562873276035806468e-03 1.380460336627173205e-05 -8.586049201675362774e-05 6.574383653708824101e-05 -1.515111100684610581e-03 -4.547382682439041895e-04 4.715825690648939528e+00 4.693704890629619264e+00 4.795932024984307596e+00 -3.103532815885777785e-01 -8.817612244561011670e-01 -1.209635996819006909e+00 -9.783179332181178318e-04 -9.181112743712071698e-04
4.722984265907016299e-04 1.881713889420283490e-04 -2.158720794833263174e-06 2.497123364612386434e-06 1.004347071169415516e-06 5.855640777877846293e-05 4.426754326252155177e-05 -2.739078467485248636e-01 -3.122588760571711752e-01 -3.103532815885777785e-01 4.473885607649090435e-02 6.157363417854382764e-02 9.896679732444361999e-02 1.265868976459843555e-04 1.692663149944262965e-04
1.250055892497157909e-03 7.479423233869706604e-04 -1.323699661864412861e-06 1.144107493464151094e-05 -1.019753965162982758e-05 2.356356105463648654e-04 1.012957914537262311e-04 -8.548757432002680456e-01 -8.850740587756625866e-01 -8.817612244561011670e-01 6.157363417854382764e-02 1.999560189219571626e-01 2.599318712934083897e-01 2.296905605933661663e-04 2.996758321266235810e-04
1.726678424564399850e-03 1.044675410226199265e-03 -1.256815627474540911e-06 1.578295207790626854e-05 -1.331627727291330440e-05 3.362454771220762129e-04 1.345797782238667643e-04 -1.185049589888886645e+00 -1.217990380660963767e+00 -1.209635996819006909e+00 9.896679732444361999e-02 2.599318712934083897e-01 3.849942562672804547e-01 3.402799948772046792e-04 3.948823785933477438e-04
-3.474499782039966185e-06 3.161578139425555008e-07 -3.539328368592925821e-08 -6.570329936875205023e-08 -5.314837673660236474e-08 -2.084738636373631839e-06 -7.217414901410944418e-08 -1.002783120963848026e-03 -9.536504963642077710e-04 -9.783179332181178318e-04 1.265868976459843555e-04 2.296905605933661663e-04 3.402799948772046792e-04 1.377884777199275636e-05 4.926955114023485708e-06
7.060116316539994796e-07 -1.547766208682288484e-06 -4.876027849713728570e-08 -1.646799618410980326e-07 -1.570719617605354608e-07 -1.215425072307158435e-06 2.839292436663903952e-07 -8.459664930495405105e-04 -9.512084732764960549e-04 -9.181112743712074951e-04 1.692663149944263236e-04 2.996758321266236895e-04 3.948823785933477438e-04 4.926955114023485708e-06 1.488299491213490336e-05
