# logA ns theta_MC_100 ombh2 omch2 tau A_planck amp_143 amp_217 amp_143x217 n_143 n_217 n_143x217 calTE calEE P_act
1.667684483192581277e-04 3.652042865980017432e-06 5.271221084155974119e-08 1.817994794523003102e-07 -1.168312773307865941e-06 7.360377495483212381e-05 9.981225122691616492e-06 -2.499902246225785881e-03 -2.535593107744904193e-03 -2.550033620529810422e-03 -9.976260779021497841e-05 6.311692381312007400e-04 8.637869524912809025e-04 -5.473158401140461507e-06 -1.781953689984067717e-06 -8.482236225308406743e-08
3.652042865980017432e-06 1.093150761014859387e-05 1.627751581189331046e-07 7.240491138905201351e-08 -2.052412783604055541e-06 4.741686793219821683e-06 5.366571073512491348e-07 -1.928856939923820043e-03 -1.773489966882921222e-03 -1.873408859788773832e-03 -4.630755099312065885e-05 3.699210372420987255e-04 6.573178213184241144e-04 7.508164135522960879e-07 -4.231760100915923065e-07 6.380529445960063272e-07
5.271221084155974119e-08 1.627751581189331046e-07 3.813284050736927119e-08 5.178559739210260924e-09 -6.492140506871160668e-08 5.298709663541277095e-08 3.286552524806041002e-08 1.055255531086637354e-05 1.238014034118330044e-05 1.291518112521968018e-05 -6.807726045376693538e-07 -5.818245372295685111e-06 -6.452508598044426570e-06 1.999458017184571164e-09 5.662623747778823673e-08 1.144048239866345657e-08
1.817994794523003102e-07 7.240491138905201351e-08 5.178559739210260924e-09 9.709276676027756580e-09 -3.983295414210753346e-08 1.020833148245640905e-07 1.850835806376258323e-08 -2.370620014412857856e-05 -2.414690363106448815e-05 -2.293081029825641274e-05 -1.771933867945493179e-06 3.494665674114878813e-06 5.931720044844812630e-06 -3.153761857670733685e-08 -7.258740446739362384e-08 -1.642121970196159347e-08
-1.168312773307865941e-06 -2.052412783604055541e-06 -6.492140506871160668e-08 -3.983295414210753346e-08 1.001466017229825593e-06 -1.599395445151263338e-06 -2.067716286862368654e-07 3.806318650095368944e-05 4.806946759992309669e-06 2.633941237125108836e-05 6.671911491840496911e-07 1.310105365371775045e-05 -6.713450169367600596e-07 -3.549001695920235795e-07 -7.850671649595284624e-07 -1.030233109490947744e-07
7.360377495483212381e-05 4.741686793219821683e-06 5.298709663541277095e-08 1.020833148245640905e-07 -1.599395445151263338e-06 3.954638788063751149e-05 -8.374661279401550882e-07 -1.229022666000973959e-03 -1.196800825172954956e-03 -1.173643971086902769e-03 -5.524357595017647353e-05 2.766019184658053808e-04 3.527035670187943857e-04 -1.871671020234519201e-06 -5.924235004932602641e-07 -1.206875986418459914e-07
9.981225122691616492e-06 5.366571073512491348e-07 3.286552524806041002e-08 1.850835806376258323e-08 -2.067716286862368654e-07 -8.374661279401550882e-07 6.209910578880557324e-06 2.514684289864887730e-04 2.525471876059444984e-04 1.841264310899696350e-04 -1.098067403271710698e-05 -6.409963462687403928e-05 -6.878084032623572213e-05 -4.208253709221603526e-07 -2.253557129959733783e-07 -1.409502509002051313e-07
-2.499902246225785881e-03 -1.928856939923820043e-03 1.055255531086637354e-05 -2.370620014412857856e-05 3.806318650095368944e-05 -1.229022666000973959e-03 2.514684289864887730e-04 2.009442821855271788e+00 1.569205376022719589e+00 1.714002050897286633e+00 3.119503672796143656e-02 -4.145245841894661942e-01 -7.119987986849661832e-01 -7.245497439661270709e-05 -3.492329917222490739e-05 -5.433927108383051737e-04
-2.535593107744904193e-03 -1.773489966882921222e-03 1.238014034118330044e-05 -2.414690363106448815e-05 4.806946759992309669e-06 -1.196800825172954956e-03 2.525471876059444984e-04 1.569205376022719589e+00 1.803276572403423428e+00 1.673375552083741002e+00 -1.512612211681163468e-03 -4.736888401090551537e-01 -7.348051765742542596e-01 1.751172705544388759e-05 -7.523172898745753188e-06 -5.009235202185333049e-04
-2.550033620529810422e-03 -1.873408859788773832e-03 1.291518112521968018e-05 -2.293081029825641274e-05 2.633941237125108836e-05 -1.173643971086902769e-03 1.841264310899696350e-04 1.714002050897286633e+00 1.673375552083741002e+00 1.742811553662192203e+00 -4.473496667774745639e-03 -4.484266258637380487e-01 -7.313372496777655885e-01 -5.237832946029288128e-05 -2.645141386328894042e-05 -5.381695697513790141e-04
-9.976260779021497841e-05 -4.630755099312065885e-05 -6.807726045376693538e-07 -1.771933867945493179e-06 6.671911491840496911e-07 -5.524357595017647353e-05 -1.098067403271710698e-05 3.119503672796143656e-02 -1.512612211681163468e-03 -4.473496667774745639e-03 2.514410064717670715e-02 -1.226450265455536481e-03 2.110055561090969437e-02 3.813398341322622064e-05 6.869703499454668549e-05 1.318696193748266183e-05
6.311692381312007400e-04 3.699210372420987255e-04 -5.818245372295685111e-06 3.494665674114878813e-06 1.310105365371775045e-05 2.766019184658053808e-04 -6.409963462687403928e-05 -4.145245841894661942e-01 -4.736888401090551537e-01 -4.484266258637380487e-01 -1.226450265455536481e-03 1.683124383779937283e-01 2.248541251265042396e-01 9.566773544077548613e-06 2.553759959003340155e-05 1.342265230485472217e-04
8.637869524912809025e-04 6.573178213184241144e-04 -6.452508598044426570e-06 5.931720044844812630e-06 -6.713450169367600596e-07 3.527035670187943857e-04 -6.878084032623572213e-05 -7.119987986849661832e-01 -7.348051765742542596e-01 -7.313372496777655885e-01 2.110055561090969437e-02 2.248541251265042396e-01 4.129012535709100096e-01 6.535428654011563466e-05 1.087440811987844594e-04 2.321363121920241054e-04
-5.473158401140461507e-06 7.508164135522960879e-07 1.999458017184571164e-09 -3.153761857670733685e-08 -3.549001695920235795e-07 -1.871671020234519201e-06 -4.208253709221603526e-07 -7.245497439661270709e-05 1.751172705544388759e-05 -5.237832946029288128e-05 3.813398341322622064e-05 9.566773544077548613e-06 6.535428654011563466e-05 1.301640738955936872e-05 4.337202616834094433e-06 1.894272553446558977e-07
-1.781953689984067717e-06 -4.231760100915923065e-07 5.662623747778823673e-08 -7.258740446739362384e-08 -7.850671649595284624e-07 -5.924235004932602641e-07 -2.253557129959733783e-07 -3.492329917222490739e-05 -7.523172898745753188e-06 -2.645141386328894042e-05 6.869703499454668549e-05 2.553759959003340155e-05 1.087440811987844594e-04 4.337202616834094433e-06 1.286151966701144669e-05 1.038278603041595953e-06
-8.482236225308406743e-08 6.380529445960063272e-07 1.144048239866345657e-08 -1.642121970196159347e-08 -1.030233109490947744e-07 -1.206875986418459914e-07 -1.409502509002051313e-07 -5.433927108383051737e-04 -5.009235202185333049e-04 -5.381695697513790141e-04 1.318696193748266183e-05 1.342265230485472217e-04 2.321363121920241054e-04 1.894272553446558977e-07 1.038278603041595953e-06 6.697631347677668223e-06
